索引id	技能id	技能等级	技能消耗	技能升级伤害
id	client_skill_id	skill_level	skill_cost	damage
10110001	10110001	1	10001	50
10110002	10110001	2	10002	100
10110003	10110001	3	10003	150
10110004	10110001	4	10004	200
10110005	10110001	5	10005	250
10110006	10110001	6	10006	300
10110007	10110001	7	10007	350
10110008	10110001	8	10008	400
10110009	10110001	9	10009	450
10110010	10110001	10	10010	500
10110011	10110001	11	10011	550
10110012	10110001	12	10012	600
10110013	10110001	13	10013	650
10110014	10110001	14	10014	700
10110015	10110001	15	10015	750
10110016	10110001	16	10016	800
10110017	10110001	17	10017	850
10110018	10110001	18	10018	900
10110019	10110001	19	10019	950
10110020	10110001	20	10020	1000
10110021	10110001	21	10021	1050
10110022	10110001	22	10022	1100
10110023	10110001	23	10023	1150
10110024	10110001	24	10024	1200
10110025	10110001	25	10025	1250
10110026	10110001	26	10026	1300
10110027	10110001	27	10027	1350
10110028	10110001	28	10028	1400
10110029	10110001	29	10029	1450
10110030	10110001	30	10030	1500
10110031	10110001	31	10031	1550
10110032	10110001	32	10032	1600
10110033	10110001	33	10033	1650
10110034	10110001	34	10034	1700
10110035	10110001	35	10035	1750
10110036	10110001	36	10036	1800
10110037	10110001	37	10037	1850
10110038	10110001	38	10038	1900
10110039	10110001	39	10039	1950
10110040	10110001	40	10040	2000
10110041	10110001	41	10041	2050
10110042	10110001	42	10042	2100
10110043	10110001	43	10043	2150
10110044	10110001	44	10044	2200
10110045	10110001	45	10045	2250
10110046	10110001	46	10046	2300
10110047	10110001	47	10047	2350
10110048	10110001	48	10048	2400
10110049	10110001	49	10049	2450
10110050	10110001	50	10050	2500
10110051	10110001	51	10051	2550
10110052	10110001	52	10052	2600
10110053	10110001	53	10053	2650
10110054	10110001	54	10054	2700
10110055	10110001	55	10055	2750
10110056	10110001	56	10056	2800
10110057	10110001	57	10057	2850
10110058	10110001	58	10058	2900
10110059	10110001	59	10059	2950
10110060	10110001	60	10060	3000
10110061	10110001	61	10061	3050
10110062	10110001	62	10062	3100
10110063	10110001	63	10063	3150
10110064	10110001	64	10064	3200
10110065	10110001	65	10065	3250
10110066	10110001	66	10066	3300
10110067	10110001	67	10067	3350
10110068	10110001	68	10068	3400
10110069	10110001	69	10069	3450
10110070	10110001	70	10070	3500
10110071	10110001	71	10071	3550
10110072	10110001	72	10072	3600
10110073	10110001	73	10073	3650
10110074	10110001	74	10074	3700
10110075	10110001	75	10075	3750
10110076	10110001	76	10076	3800
10110077	10110001	77	10077	3850
10110078	10110001	78	10078	3900
10110079	10110001	79	10079	3950
10110080	10110001	80	10080	4000
10110081	10110001	81	10081	4050
10110082	10110001	82	10082	4100
10110083	10110001	83	10083	4150
10110084	10110001	84	10084	4200
10110085	10110001	85	10085	4250
10110086	10110001	86	10086	4300
10110087	10110001	87	10087	4350
10110088	10110001	88	10088	4400
10110089	10110001	89	10089	4450
10110090	10110001	90	10090	4500
10110091	10110001	91	10091	4550
10110092	10110001	92	10092	4600
10110093	10110001	93	10093	4650
10110094	10110001	94	10094	4700
10110095	10110001	95	10095	4750
10110096	10110001	96	10096	4800
10110097	10110001	97	10097	4850
10110098	10110001	98	10098	4900
10110099	10110001	99	10099	4950
10110100	10110001	100	10100	5000
10210001	10210001	1	10001	50
10210002	10210001	2	10002	100
10210003	10210001	3	10003	150
10210004	10210001	4	10004	200
10210005	10210001	5	10005	250
10210006	10210001	6	10006	300
10210007	10210001	7	10007	350
10210008	10210001	8	10008	400
10210009	10210001	9	10009	450
10210010	10210001	10	10010	500
10210011	10210001	11	10011	550
10210012	10210001	12	10012	600
10210013	10210001	13	10013	650
10210014	10210001	14	10014	700
10210015	10210001	15	10015	750
10210016	10210001	16	10016	800
10210017	10210001	17	10017	850
10210018	10210001	18	10018	900
10210019	10210001	19	10019	950
10210020	10210001	20	10020	1000
10210021	10210001	21	10021	1050
10210022	10210001	22	10022	1100
10210023	10210001	23	10023	1150
10210024	10210001	24	10024	1200
10210025	10210001	25	10025	1250
10210026	10210001	26	10026	1300
10210027	10210001	27	10027	1350
10210028	10210001	28	10028	1400
10210029	10210001	29	10029	1450
10210030	10210001	30	10030	1500
10210031	10210001	31	10031	1550
10210032	10210001	32	10032	1600
10210033	10210001	33	10033	1650
10210034	10210001	34	10034	1700
10210035	10210001	35	10035	1750
10210036	10210001	36	10036	1800
10210037	10210001	37	10037	1850
10210038	10210001	38	10038	1900
10210039	10210001	39	10039	1950
10210040	10210001	40	10040	2000
10210041	10210001	41	10041	2050
10210042	10210001	42	10042	2100
10210043	10210001	43	10043	2150
10210044	10210001	44	10044	2200
10210045	10210001	45	10045	2250
10210046	10210001	46	10046	2300
10210047	10210001	47	10047	2350
10210048	10210001	48	10048	2400
10210049	10210001	49	10049	2450
10210050	10210001	50	10050	2500
10210051	10210001	51	10051	2550
10210052	10210001	52	10052	2600
10210053	10210001	53	10053	2650
10210054	10210001	54	10054	2700
10210055	10210001	55	10055	2750
10210056	10210001	56	10056	2800
10210057	10210001	57	10057	2850
10210058	10210001	58	10058	2900
10210059	10210001	59	10059	2950
10210060	10210001	60	10060	3000
10210061	10210001	61	10061	3050
10210062	10210001	62	10062	3100
10210063	10210001	63	10063	3150
10210064	10210001	64	10064	3200
10210065	10210001	65	10065	3250
10210066	10210001	66	10066	3300
10210067	10210001	67	10067	3350
10210068	10210001	68	10068	3400
10210069	10210001	69	10069	3450
10210070	10210001	70	10070	3500
10210071	10210001	71	10071	3550
10210072	10210001	72	10072	3600
10210073	10210001	73	10073	3650
10210074	10210001	74	10074	3700
10210075	10210001	75	10075	3750
10210076	10210001	76	10076	3800
10210077	10210001	77	10077	3850
10210078	10210001	78	10078	3900
10210079	10210001	79	10079	3950
10210080	10210001	80	10080	4000
10210081	10210001	81	10081	4050
10210082	10210001	82	10082	4100
10210083	10210001	83	10083	4150
10210084	10210001	84	10084	4200
10210085	10210001	85	10085	4250
10210086	10210001	86	10086	4300
10210087	10210001	87	10087	4350
10210088	10210001	88	10088	4400
10210089	10210001	89	10089	4450
10210090	10210001	90	10090	4500
10210091	10210001	91	10091	4550
10210092	10210001	92	10092	4600
10210093	10210001	93	10093	4650
10210094	10210001	94	10094	4700
10210095	10210001	95	10095	4750
10210096	10210001	96	10096	4800
10210097	10210001	97	10097	4850
10210098	10210001	98	10098	4900
10210099	10210001	99	10099	4950
10210100	10210001	100	10100	5000
10310001	10310001	1	10001	50
10310002	10310001	2	10002	100
10310003	10310001	3	10003	150
10310004	10310001	4	10004	200
10310005	10310001	5	10005	250
10310006	10310001	6	10006	300
10310007	10310001	7	10007	350
10310008	10310001	8	10008	400
10310009	10310001	9	10009	450
10310010	10310001	10	10010	500
10310011	10310001	11	10011	550
10310012	10310001	12	10012	600
10310013	10310001	13	10013	650
10310014	10310001	14	10014	700
10310015	10310001	15	10015	750
10310016	10310001	16	10016	800
10310017	10310001	17	10017	850
10310018	10310001	18	10018	900
10310019	10310001	19	10019	950
10310020	10310001	20	10020	1000
10310021	10310001	21	10021	1050
10310022	10310001	22	10022	1100
10310023	10310001	23	10023	1150
10310024	10310001	24	10024	1200
10310025	10310001	25	10025	1250
10310026	10310001	26	10026	1300
10310027	10310001	27	10027	1350
10310028	10310001	28	10028	1400
10310029	10310001	29	10029	1450
10310030	10310001	30	10030	1500
10310031	10310001	31	10031	1550
10310032	10310001	32	10032	1600
10310033	10310001	33	10033	1650
10310034	10310001	34	10034	1700
10310035	10310001	35	10035	1750
10310036	10310001	36	10036	1800
10310037	10310001	37	10037	1850
10310038	10310001	38	10038	1900
10310039	10310001	39	10039	1950
10310040	10310001	40	10040	2000
10310041	10310001	41	10041	2050
10310042	10310001	42	10042	2100
10310043	10310001	43	10043	2150
10310044	10310001	44	10044	2200
10310045	10310001	45	10045	2250
10310046	10310001	46	10046	2300
10310047	10310001	47	10047	2350
10310048	10310001	48	10048	2400
10310049	10310001	49	10049	2450
10310050	10310001	50	10050	2500
10310051	10310001	51	10051	2550
10310052	10310001	52	10052	2600
10310053	10310001	53	10053	2650
10310054	10310001	54	10054	2700
10310055	10310001	55	10055	2750
10310056	10310001	56	10056	2800
10310057	10310001	57	10057	2850
10310058	10310001	58	10058	2900
10310059	10310001	59	10059	2950
10310060	10310001	60	10060	3000
10310061	10310001	61	10061	3050
10310062	10310001	62	10062	3100
10310063	10310001	63	10063	3150
10310064	10310001	64	10064	3200
10310065	10310001	65	10065	3250
10310066	10310001	66	10066	3300
10310067	10310001	67	10067	3350
10310068	10310001	68	10068	3400
10310069	10310001	69	10069	3450
10310070	10310001	70	10070	3500
10310071	10310001	71	10071	3550
10310072	10310001	72	10072	3600
10310073	10310001	73	10073	3650
10310074	10310001	74	10074	3700
10310075	10310001	75	10075	3750
10310076	10310001	76	10076	3800
10310077	10310001	77	10077	3850
10310078	10310001	78	10078	3900
10310079	10310001	79	10079	3950
10310080	10310001	80	10080	4000
10310081	10310001	81	10081	4050
10310082	10310001	82	10082	4100
10310083	10310001	83	10083	4150
10310084	10310001	84	10084	4200
10310085	10310001	85	10085	4250
10310086	10310001	86	10086	4300
10310087	10310001	87	10087	4350
10310088	10310001	88	10088	4400
10310089	10310001	89	10089	4450
10310090	10310001	90	10090	4500
10310091	10310001	91	10091	4550
10310092	10310001	92	10092	4600
10310093	10310001	93	10093	4650
10310094	10310001	94	10094	4700
10310095	10310001	95	10095	4750
10310096	10310001	96	10096	4800
10310097	10310001	97	10097	4850
10310098	10310001	98	10098	4900
10310099	10310001	99	10099	4950
10310100	10310001	100	10100	5000
10410001	10410001	1	10001	50
10410002	10410001	2	10002	100
10410003	10410001	3	10003	150
10410004	10410001	4	10004	200
10410005	10410001	5	10005	250
10410006	10410001	6	10006	300
10410007	10410001	7	10007	350
10410008	10410001	8	10008	400
10410009	10410001	9	10009	450
10410010	10410001	10	10010	500
10410011	10410001	11	10011	550
10410012	10410001	12	10012	600
10410013	10410001	13	10013	650
10410014	10410001	14	10014	700
10410015	10410001	15	10015	750
10410016	10410001	16	10016	800
10410017	10410001	17	10017	850
10410018	10410001	18	10018	900
10410019	10410001	19	10019	950
10410020	10410001	20	10020	1000
10410021	10410001	21	10021	1050
10410022	10410001	22	10022	1100
10410023	10410001	23	10023	1150
10410024	10410001	24	10024	1200
10410025	10410001	25	10025	1250
10410026	10410001	26	10026	1300
10410027	10410001	27	10027	1350
10410028	10410001	28	10028	1400
10410029	10410001	29	10029	1450
10410030	10410001	30	10030	1500
10410031	10410001	31	10031	1550
10410032	10410001	32	10032	1600
10410033	10410001	33	10033	1650
10410034	10410001	34	10034	1700
10410035	10410001	35	10035	1750
10410036	10410001	36	10036	1800
10410037	10410001	37	10037	1850
10410038	10410001	38	10038	1900
10410039	10410001	39	10039	1950
10410040	10410001	40	10040	2000
10410041	10410001	41	10041	2050
10410042	10410001	42	10042	2100
10410043	10410001	43	10043	2150
10410044	10410001	44	10044	2200
10410045	10410001	45	10045	2250
10410046	10410001	46	10046	2300
10410047	10410001	47	10047	2350
10410048	10410001	48	10048	2400
10410049	10410001	49	10049	2450
10410050	10410001	50	10050	2500
10410051	10410001	51	10051	2550
10410052	10410001	52	10052	2600
10410053	10410001	53	10053	2650
10410054	10410001	54	10054	2700
10410055	10410001	55	10055	2750
10410056	10410001	56	10056	2800
10410057	10410001	57	10057	2850
10410058	10410001	58	10058	2900
10410059	10410001	59	10059	2950
10410060	10410001	60	10060	3000
10410061	10410001	61	10061	3050
10410062	10410001	62	10062	3100
10410063	10410001	63	10063	3150
10410064	10410001	64	10064	3200
10410065	10410001	65	10065	3250
10410066	10410001	66	10066	3300
10410067	10410001	67	10067	3350
10410068	10410001	68	10068	3400
10410069	10410001	69	10069	3450
10410070	10410001	70	10070	3500
10410071	10410001	71	10071	3550
10410072	10410001	72	10072	3600
10410073	10410001	73	10073	3650
10410074	10410001	74	10074	3700
10410075	10410001	75	10075	3750
10410076	10410001	76	10076	3800
10410077	10410001	77	10077	3850
10410078	10410001	78	10078	3900
10410079	10410001	79	10079	3950
10410080	10410001	80	10080	4000
10410081	10410001	81	10081	4050
10410082	10410001	82	10082	4100
10410083	10410001	83	10083	4150
10410084	10410001	84	10084	4200
10410085	10410001	85	10085	4250
10410086	10410001	86	10086	4300
10410087	10410001	87	10087	4350
10410088	10410001	88	10088	4400
10410089	10410001	89	10089	4450
10410090	10410001	90	10090	4500
10410091	10410001	91	10091	4550
10410092	10410001	92	10092	4600
10410093	10410001	93	10093	4650
10410094	10410001	94	10094	4700
10410095	10410001	95	10095	4750
10410096	10410001	96	10096	4800
10410097	10410001	97	10097	4850
10410098	10410001	98	10098	4900
10410099	10410001	99	10099	4950
10410100	10410001	100	10100	5000
10510001	10510001	1	10001	50
10510002	10510001	2	10002	100
10510003	10510001	3	10003	150
10510004	10510001	4	10004	200
10510005	10510001	5	10005	250
10510006	10510001	6	10006	300
10510007	10510001	7	10007	350
10510008	10510001	8	10008	400
10510009	10510001	9	10009	450
10510010	10510001	10	10010	500
10510011	10510001	11	10011	550
10510012	10510001	12	10012	600
10510013	10510001	13	10013	650
10510014	10510001	14	10014	700
10510015	10510001	15	10015	750
10510016	10510001	16	10016	800
10510017	10510001	17	10017	850
10510018	10510001	18	10018	900
10510019	10510001	19	10019	950
10510020	10510001	20	10020	1000
10510021	10510001	21	10021	1050
10510022	10510001	22	10022	1100
10510023	10510001	23	10023	1150
10510024	10510001	24	10024	1200
10510025	10510001	25	10025	1250
10510026	10510001	26	10026	1300
10510027	10510001	27	10027	1350
10510028	10510001	28	10028	1400
10510029	10510001	29	10029	1450
10510030	10510001	30	10030	1500
10510031	10510001	31	10031	1550
10510032	10510001	32	10032	1600
10510033	10510001	33	10033	1650
10510034	10510001	34	10034	1700
10510035	10510001	35	10035	1750
10510036	10510001	36	10036	1800
10510037	10510001	37	10037	1850
10510038	10510001	38	10038	1900
10510039	10510001	39	10039	1950
10510040	10510001	40	10040	2000
10510041	10510001	41	10041	2050
10510042	10510001	42	10042	2100
10510043	10510001	43	10043	2150
10510044	10510001	44	10044	2200
10510045	10510001	45	10045	2250
10510046	10510001	46	10046	2300
10510047	10510001	47	10047	2350
10510048	10510001	48	10048	2400
10510049	10510001	49	10049	2450
10510050	10510001	50	10050	2500
10510051	10510001	51	10051	2550
10510052	10510001	52	10052	2600
10510053	10510001	53	10053	2650
10510054	10510001	54	10054	2700
10510055	10510001	55	10055	2750
10510056	10510001	56	10056	2800
10510057	10510001	57	10057	2850
10510058	10510001	58	10058	2900
10510059	10510001	59	10059	2950
10510060	10510001	60	10060	3000
10510061	10510001	61	10061	3050
10510062	10510001	62	10062	3100
10510063	10510001	63	10063	3150
10510064	10510001	64	10064	3200
10510065	10510001	65	10065	3250
10510066	10510001	66	10066	3300
10510067	10510001	67	10067	3350
10510068	10510001	68	10068	3400
10510069	10510001	69	10069	3450
10510070	10510001	70	10070	3500
10510071	10510001	71	10071	3550
10510072	10510001	72	10072	3600
10510073	10510001	73	10073	3650
10510074	10510001	74	10074	3700
10510075	10510001	75	10075	3750
10510076	10510001	76	10076	3800
10510077	10510001	77	10077	3850
10510078	10510001	78	10078	3900
10510079	10510001	79	10079	3950
10510080	10510001	80	10080	4000
10510081	10510001	81	10081	4050
10510082	10510001	82	10082	4100
10510083	10510001	83	10083	4150
10510084	10510001	84	10084	4200
10510085	10510001	85	10085	4250
10510086	10510001	86	10086	4300
10510087	10510001	87	10087	4350
10510088	10510001	88	10088	4400
10510089	10510001	89	10089	4450
10510090	10510001	90	10090	4500
10510091	10510001	91	10091	4550
10510092	10510001	92	10092	4600
10510093	10510001	93	10093	4650
10510094	10510001	94	10094	4700
10510095	10510001	95	10095	4750
10510096	10510001	96	10096	4800
10510097	10510001	97	10097	4850
10510098	10510001	98	10098	4900
10510099	10510001	99	10099	4950
10510100	10510001	100	10100	5000
10610001	10610001	1	10001	50
10610002	10610001	2	10002	100
10610003	10610001	3	10003	150
10610004	10610001	4	10004	200
10610005	10610001	5	10005	250
10610006	10610001	6	10006	300
10610007	10610001	7	10007	350
10610008	10610001	8	10008	400
10610009	10610001	9	10009	450
10610010	10610001	10	10010	500
10610011	10610001	11	10011	550
10610012	10610001	12	10012	600
10610013	10610001	13	10013	650
10610014	10610001	14	10014	700
10610015	10610001	15	10015	750
10610016	10610001	16	10016	800
10610017	10610001	17	10017	850
10610018	10610001	18	10018	900
10610019	10610001	19	10019	950
10610020	10610001	20	10020	1000
10610021	10610001	21	10021	1050
10610022	10610001	22	10022	1100
10610023	10610001	23	10023	1150
10610024	10610001	24	10024	1200
10610025	10610001	25	10025	1250
10610026	10610001	26	10026	1300
10610027	10610001	27	10027	1350
10610028	10610001	28	10028	1400
10610029	10610001	29	10029	1450
10610030	10610001	30	10030	1500
10610031	10610001	31	10031	1550
10610032	10610001	32	10032	1600
10610033	10610001	33	10033	1650
10610034	10610001	34	10034	1700
10610035	10610001	35	10035	1750
10610036	10610001	36	10036	1800
10610037	10610001	37	10037	1850
10610038	10610001	38	10038	1900
10610039	10610001	39	10039	1950
10610040	10610001	40	10040	2000
10610041	10610001	41	10041	2050
10610042	10610001	42	10042	2100
10610043	10610001	43	10043	2150
10610044	10610001	44	10044	2200
10610045	10610001	45	10045	2250
10610046	10610001	46	10046	2300
10610047	10610001	47	10047	2350
10610048	10610001	48	10048	2400
10610049	10610001	49	10049	2450
10610050	10610001	50	10050	2500
10610051	10610001	51	10051	2550
10610052	10610001	52	10052	2600
10610053	10610001	53	10053	2650
10610054	10610001	54	10054	2700
10610055	10610001	55	10055	2750
10610056	10610001	56	10056	2800
10610057	10610001	57	10057	2850
10610058	10610001	58	10058	2900
10610059	10610001	59	10059	2950
10610060	10610001	60	10060	3000
10610061	10610001	61	10061	3050
10610062	10610001	62	10062	3100
10610063	10610001	63	10063	3150
10610064	10610001	64	10064	3200
10610065	10610001	65	10065	3250
10610066	10610001	66	10066	3300
10610067	10610001	67	10067	3350
10610068	10610001	68	10068	3400
10610069	10610001	69	10069	3450
10610070	10610001	70	10070	3500
10610071	10610001	71	10071	3550
10610072	10610001	72	10072	3600
10610073	10610001	73	10073	3650
10610074	10610001	74	10074	3700
10610075	10610001	75	10075	3750
10610076	10610001	76	10076	3800
10610077	10610001	77	10077	3850
10610078	10610001	78	10078	3900
10610079	10610001	79	10079	3950
10610080	10610001	80	10080	4000
10610081	10610001	81	10081	4050
10610082	10610001	82	10082	4100
10610083	10610001	83	10083	4150
10610084	10610001	84	10084	4200
10610085	10610001	85	10085	4250
10610086	10610001	86	10086	4300
10610087	10610001	87	10087	4350
10610088	10610001	88	10088	4400
10610089	10610001	89	10089	4450
10610090	10610001	90	10090	4500
10610091	10610001	91	10091	4550
10610092	10610001	92	10092	4600
10610093	10610001	93	10093	4650
10610094	10610001	94	10094	4700
10610095	10610001	95	10095	4750
10610096	10610001	96	10096	4800
10610097	10610001	97	10097	4850
10610098	10610001	98	10098	4900
10610099	10610001	99	10099	4950
10610100	10610001	100	10100	5000
10710001	10710001	1	10001	50
10710002	10710001	2	10002	100
10710003	10710001	3	10003	150
10710004	10710001	4	10004	200
10710005	10710001	5	10005	250
10710006	10710001	6	10006	300
10710007	10710001	7	10007	350
10710008	10710001	8	10008	400
10710009	10710001	9	10009	450
10710010	10710001	10	10010	500
10710011	10710001	11	10011	550
10710012	10710001	12	10012	600
10710013	10710001	13	10013	650
10710014	10710001	14	10014	700
10710015	10710001	15	10015	750
10710016	10710001	16	10016	800
10710017	10710001	17	10017	850
10710018	10710001	18	10018	900
10710019	10710001	19	10019	950
10710020	10710001	20	10020	1000
10710021	10710001	21	10021	1050
10710022	10710001	22	10022	1100
10710023	10710001	23	10023	1150
10710024	10710001	24	10024	1200
10710025	10710001	25	10025	1250
10710026	10710001	26	10026	1300
10710027	10710001	27	10027	1350
10710028	10710001	28	10028	1400
10710029	10710001	29	10029	1450
10710030	10710001	30	10030	1500
10710031	10710001	31	10031	1550
10710032	10710001	32	10032	1600
10710033	10710001	33	10033	1650
10710034	10710001	34	10034	1700
10710035	10710001	35	10035	1750
10710036	10710001	36	10036	1800
10710037	10710001	37	10037	1850
10710038	10710001	38	10038	1900
10710039	10710001	39	10039	1950
10710040	10710001	40	10040	2000
10710041	10710001	41	10041	2050
10710042	10710001	42	10042	2100
10710043	10710001	43	10043	2150
10710044	10710001	44	10044	2200
10710045	10710001	45	10045	2250
10710046	10710001	46	10046	2300
10710047	10710001	47	10047	2350
10710048	10710001	48	10048	2400
10710049	10710001	49	10049	2450
10710050	10710001	50	10050	2500
10710051	10710001	51	10051	2550
10710052	10710001	52	10052	2600
10710053	10710001	53	10053	2650
10710054	10710001	54	10054	2700
10710055	10710001	55	10055	2750
10710056	10710001	56	10056	2800
10710057	10710001	57	10057	2850
10710058	10710001	58	10058	2900
10710059	10710001	59	10059	2950
10710060	10710001	60	10060	3000
10710061	10710001	61	10061	3050
10710062	10710001	62	10062	3100
10710063	10710001	63	10063	3150
10710064	10710001	64	10064	3200
10710065	10710001	65	10065	3250
10710066	10710001	66	10066	3300
10710067	10710001	67	10067	3350
10710068	10710001	68	10068	3400
10710069	10710001	69	10069	3450
10710070	10710001	70	10070	3500
10710071	10710001	71	10071	3550
10710072	10710001	72	10072	3600
10710073	10710001	73	10073	3650
10710074	10710001	74	10074	3700
10710075	10710001	75	10075	3750
10710076	10710001	76	10076	3800
10710077	10710001	77	10077	3850
10710078	10710001	78	10078	3900
10710079	10710001	79	10079	3950
10710080	10710001	80	10080	4000
10710081	10710001	81	10081	4050
10710082	10710001	82	10082	4100
10710083	10710001	83	10083	4150
10710084	10710001	84	10084	4200
10710085	10710001	85	10085	4250
10710086	10710001	86	10086	4300
10710087	10710001	87	10087	4350
10710088	10710001	88	10088	4400
10710089	10710001	89	10089	4450
10710090	10710001	90	10090	4500
10710091	10710001	91	10091	4550
10710092	10710001	92	10092	4600
10710093	10710001	93	10093	4650
10710094	10710001	94	10094	4700
10710095	10710001	95	10095	4750
10710096	10710001	96	10096	4800
10710097	10710001	97	10097	4850
10710098	10710001	98	10098	4900
10710099	10710001	99	10099	4950
10710100	10710001	100	10100	5000
10810001	10810001	1	10001	50
10810002	10810001	2	10002	100
10810003	10810001	3	10003	150
10810004	10810001	4	10004	200
10810005	10810001	5	10005	250
10810006	10810001	6	10006	300
10810007	10810001	7	10007	350
10810008	10810001	8	10008	400
10810009	10810001	9	10009	450
10810010	10810001	10	10010	500
10810011	10810001	11	10011	550
10810012	10810001	12	10012	600
10810013	10810001	13	10013	650
10810014	10810001	14	10014	700
10810015	10810001	15	10015	750
10810016	10810001	16	10016	800
10810017	10810001	17	10017	850
10810018	10810001	18	10018	900
10810019	10810001	19	10019	950
10810020	10810001	20	10020	1000
10810021	10810001	21	10021	1050
10810022	10810001	22	10022	1100
10810023	10810001	23	10023	1150
10810024	10810001	24	10024	1200
10810025	10810001	25	10025	1250
10810026	10810001	26	10026	1300
10810027	10810001	27	10027	1350
10810028	10810001	28	10028	1400
10810029	10810001	29	10029	1450
10810030	10810001	30	10030	1500
10810031	10810001	31	10031	1550
10810032	10810001	32	10032	1600
10810033	10810001	33	10033	1650
10810034	10810001	34	10034	1700
10810035	10810001	35	10035	1750
10810036	10810001	36	10036	1800
10810037	10810001	37	10037	1850
10810038	10810001	38	10038	1900
10810039	10810001	39	10039	1950
10810040	10810001	40	10040	2000
10810041	10810001	41	10041	2050
10810042	10810001	42	10042	2100
10810043	10810001	43	10043	2150
10810044	10810001	44	10044	2200
10810045	10810001	45	10045	2250
10810046	10810001	46	10046	2300
10810047	10810001	47	10047	2350
10810048	10810001	48	10048	2400
10810049	10810001	49	10049	2450
10810050	10810001	50	10050	2500
10810051	10810001	51	10051	2550
10810052	10810001	52	10052	2600
10810053	10810001	53	10053	2650
10810054	10810001	54	10054	2700
10810055	10810001	55	10055	2750
10810056	10810001	56	10056	2800
10810057	10810001	57	10057	2850
10810058	10810001	58	10058	2900
10810059	10810001	59	10059	2950
10810060	10810001	60	10060	3000
10810061	10810001	61	10061	3050
10810062	10810001	62	10062	3100
10810063	10810001	63	10063	3150
10810064	10810001	64	10064	3200
10810065	10810001	65	10065	3250
10810066	10810001	66	10066	3300
10810067	10810001	67	10067	3350
10810068	10810001	68	10068	3400
10810069	10810001	69	10069	3450
10810070	10810001	70	10070	3500
10810071	10810001	71	10071	3550
10810072	10810001	72	10072	3600
10810073	10810001	73	10073	3650
10810074	10810001	74	10074	3700
10810075	10810001	75	10075	3750
10810076	10810001	76	10076	3800
10810077	10810001	77	10077	3850
10810078	10810001	78	10078	3900
10810079	10810001	79	10079	3950
10810080	10810001	80	10080	4000
10810081	10810001	81	10081	4050
10810082	10810001	82	10082	4100
10810083	10810001	83	10083	4150
10810084	10810001	84	10084	4200
10810085	10810001	85	10085	4250
10810086	10810001	86	10086	4300
10810087	10810001	87	10087	4350
10810088	10810001	88	10088	4400
10810089	10810001	89	10089	4450
10810090	10810001	90	10090	4500
10810091	10810001	91	10091	4550
10810092	10810001	92	10092	4600
10810093	10810001	93	10093	4650
10810094	10810001	94	10094	4700
10810095	10810001	95	10095	4750
10810096	10810001	96	10096	4800
10810097	10810001	97	10097	4850
10810098	10810001	98	10098	4900
10810099	10810001	99	10099	4950
10810100	10810001	100	10100	5000
10910001	10910001	1	10001	50
10910002	10910001	2	10002	100
10910003	10910001	3	10003	150
10910004	10910001	4	10004	200
10910005	10910001	5	10005	250
10910006	10910001	6	10006	300
10910007	10910001	7	10007	350
10910008	10910001	8	10008	400
10910009	10910001	9	10009	450
10910010	10910001	10	10010	500
10910011	10910001	11	10011	550
10910012	10910001	12	10012	600
10910013	10910001	13	10013	650
10910014	10910001	14	10014	700
10910015	10910001	15	10015	750
10910016	10910001	16	10016	800
10910017	10910001	17	10017	850
10910018	10910001	18	10018	900
10910019	10910001	19	10019	950
10910020	10910001	20	10020	1000
10910021	10910001	21	10021	1050
10910022	10910001	22	10022	1100
10910023	10910001	23	10023	1150
10910024	10910001	24	10024	1200
10910025	10910001	25	10025	1250
10910026	10910001	26	10026	1300
10910027	10910001	27	10027	1350
10910028	10910001	28	10028	1400
10910029	10910001	29	10029	1450
10910030	10910001	30	10030	1500
10910031	10910001	31	10031	1550
10910032	10910001	32	10032	1600
10910033	10910001	33	10033	1650
10910034	10910001	34	10034	1700
10910035	10910001	35	10035	1750
10910036	10910001	36	10036	1800
10910037	10910001	37	10037	1850
10910038	10910001	38	10038	1900
10910039	10910001	39	10039	1950
10910040	10910001	40	10040	2000
10910041	10910001	41	10041	2050
10910042	10910001	42	10042	2100
10910043	10910001	43	10043	2150
10910044	10910001	44	10044	2200
10910045	10910001	45	10045	2250
10910046	10910001	46	10046	2300
10910047	10910001	47	10047	2350
10910048	10910001	48	10048	2400
10910049	10910001	49	10049	2450
10910050	10910001	50	10050	2500
10910051	10910001	51	10051	2550
10910052	10910001	52	10052	2600
10910053	10910001	53	10053	2650
10910054	10910001	54	10054	2700
10910055	10910001	55	10055	2750
10910056	10910001	56	10056	2800
10910057	10910001	57	10057	2850
10910058	10910001	58	10058	2900
10910059	10910001	59	10059	2950
10910060	10910001	60	10060	3000
10910061	10910001	61	10061	3050
10910062	10910001	62	10062	3100
10910063	10910001	63	10063	3150
10910064	10910001	64	10064	3200
10910065	10910001	65	10065	3250
10910066	10910001	66	10066	3300
10910067	10910001	67	10067	3350
10910068	10910001	68	10068	3400
10910069	10910001	69	10069	3450
10910070	10910001	70	10070	3500
10910071	10910001	71	10071	3550
10910072	10910001	72	10072	3600
10910073	10910001	73	10073	3650
10910074	10910001	74	10074	3700
10910075	10910001	75	10075	3750
10910076	10910001	76	10076	3800
10910077	10910001	77	10077	3850
10910078	10910001	78	10078	3900
10910079	10910001	79	10079	3950
10910080	10910001	80	10080	4000
10910081	10910001	81	10081	4050
10910082	10910001	82	10082	4100
10910083	10910001	83	10083	4150
10910084	10910001	84	10084	4200
10910085	10910001	85	10085	4250
10910086	10910001	86	10086	4300
10910087	10910001	87	10087	4350
10910088	10910001	88	10088	4400
10910089	10910001	89	10089	4450
10910090	10910001	90	10090	4500
10910091	10910001	91	10091	4550
10910092	10910001	92	10092	4600
10910093	10910001	93	10093	4650
10910094	10910001	94	10094	4700
10910095	10910001	95	10095	4750
10910096	10910001	96	10096	4800
10910097	10910001	97	10097	4850
10910098	10910001	98	10098	4900
10910099	10910001	99	10099	4950
10910100	10910001	100	10100	5000
11010001	11010001	1	10001	50
11010002	11010001	2	10002	100
11010003	11010001	3	10003	150
11010004	11010001	4	10004	200
11010005	11010001	5	10005	250
11010006	11010001	6	10006	300
11010007	11010001	7	10007	350
11010008	11010001	8	10008	400
11010009	11010001	9	10009	450
11010010	11010001	10	10010	500
11010011	11010001	11	10011	550
11010012	11010001	12	10012	600
11010013	11010001	13	10013	650
11010014	11010001	14	10014	700
11010015	11010001	15	10015	750
11010016	11010001	16	10016	800
11010017	11010001	17	10017	850
11010018	11010001	18	10018	900
11010019	11010001	19	10019	950
11010020	11010001	20	10020	1000
11010021	11010001	21	10021	1050
11010022	11010001	22	10022	1100
11010023	11010001	23	10023	1150
11010024	11010001	24	10024	1200
11010025	11010001	25	10025	1250
11010026	11010001	26	10026	1300
11010027	11010001	27	10027	1350
11010028	11010001	28	10028	1400
11010029	11010001	29	10029	1450
11010030	11010001	30	10030	1500
11010031	11010001	31	10031	1550
11010032	11010001	32	10032	1600
11010033	11010001	33	10033	1650
11010034	11010001	34	10034	1700
11010035	11010001	35	10035	1750
11010036	11010001	36	10036	1800
11010037	11010001	37	10037	1850
11010038	11010001	38	10038	1900
11010039	11010001	39	10039	1950
11010040	11010001	40	10040	2000
11010041	11010001	41	10041	2050
11010042	11010001	42	10042	2100
11010043	11010001	43	10043	2150
11010044	11010001	44	10044	2200
11010045	11010001	45	10045	2250
11010046	11010001	46	10046	2300
11010047	11010001	47	10047	2350
11010048	11010001	48	10048	2400
11010049	11010001	49	10049	2450
11010050	11010001	50	10050	2500
11010051	11010001	51	10051	2550
11010052	11010001	52	10052	2600
11010053	11010001	53	10053	2650
11010054	11010001	54	10054	2700
11010055	11010001	55	10055	2750
11010056	11010001	56	10056	2800
11010057	11010001	57	10057	2850
11010058	11010001	58	10058	2900
11010059	11010001	59	10059	2950
11010060	11010001	60	10060	3000
11010061	11010001	61	10061	3050
11010062	11010001	62	10062	3100
11010063	11010001	63	10063	3150
11010064	11010001	64	10064	3200
11010065	11010001	65	10065	3250
11010066	11010001	66	10066	3300
11010067	11010001	67	10067	3350
11010068	11010001	68	10068	3400
11010069	11010001	69	10069	3450
11010070	11010001	70	10070	3500
11010071	11010001	71	10071	3550
11010072	11010001	72	10072	3600
11010073	11010001	73	10073	3650
11010074	11010001	74	10074	3700
11010075	11010001	75	10075	3750
11010076	11010001	76	10076	3800
11010077	11010001	77	10077	3850
11010078	11010001	78	10078	3900
11010079	11010001	79	10079	3950
11010080	11010001	80	10080	4000
11010081	11010001	81	10081	4050
11010082	11010001	82	10082	4100
11010083	11010001	83	10083	4150
11010084	11010001	84	10084	4200
11010085	11010001	85	10085	4250
11010086	11010001	86	10086	4300
11010087	11010001	87	10087	4350
11010088	11010001	88	10088	4400
11010089	11010001	89	10089	4450
11010090	11010001	90	10090	4500
11010091	11010001	91	10091	4550
11010092	11010001	92	10092	4600
11010093	11010001	93	10093	4650
11010094	11010001	94	10094	4700
11010095	11010001	95	10095	4750
11010096	11010001	96	10096	4800
11010097	11010001	97	10097	4850
11010098	11010001	98	10098	4900
11010099	11010001	99	10099	4950
11010100	11010001	100	10100	5000
11110001	11110001	1	10001	50
11110002	11110001	2	10002	100
11110003	11110001	3	10003	150
11110004	11110001	4	10004	200
11110005	11110001	5	10005	250
11110006	11110001	6	10006	300
11110007	11110001	7	10007	350
11110008	11110001	8	10008	400
11110009	11110001	9	10009	450
11110010	11110001	10	10010	500
11110011	11110001	11	10011	550
11110012	11110001	12	10012	600
11110013	11110001	13	10013	650
11110014	11110001	14	10014	700
11110015	11110001	15	10015	750
11110016	11110001	16	10016	800
11110017	11110001	17	10017	850
11110018	11110001	18	10018	900
11110019	11110001	19	10019	950
11110020	11110001	20	10020	1000
11110021	11110001	21	10021	1050
11110022	11110001	22	10022	1100
11110023	11110001	23	10023	1150
11110024	11110001	24	10024	1200
11110025	11110001	25	10025	1250
11110026	11110001	26	10026	1300
11110027	11110001	27	10027	1350
11110028	11110001	28	10028	1400
11110029	11110001	29	10029	1450
11110030	11110001	30	10030	1500
11110031	11110001	31	10031	1550
11110032	11110001	32	10032	1600
11110033	11110001	33	10033	1650
11110034	11110001	34	10034	1700
11110035	11110001	35	10035	1750
11110036	11110001	36	10036	1800
11110037	11110001	37	10037	1850
11110038	11110001	38	10038	1900
11110039	11110001	39	10039	1950
11110040	11110001	40	10040	2000
11110041	11110001	41	10041	2050
11110042	11110001	42	10042	2100
11110043	11110001	43	10043	2150
11110044	11110001	44	10044	2200
11110045	11110001	45	10045	2250
11110046	11110001	46	10046	2300
11110047	11110001	47	10047	2350
11110048	11110001	48	10048	2400
11110049	11110001	49	10049	2450
11110050	11110001	50	10050	2500
11110051	11110001	51	10051	2550
11110052	11110001	52	10052	2600
11110053	11110001	53	10053	2650
11110054	11110001	54	10054	2700
11110055	11110001	55	10055	2750
11110056	11110001	56	10056	2800
11110057	11110001	57	10057	2850
11110058	11110001	58	10058	2900
11110059	11110001	59	10059	2950
11110060	11110001	60	10060	3000
11110061	11110001	61	10061	3050
11110062	11110001	62	10062	3100
11110063	11110001	63	10063	3150
11110064	11110001	64	10064	3200
11110065	11110001	65	10065	3250
11110066	11110001	66	10066	3300
11110067	11110001	67	10067	3350
11110068	11110001	68	10068	3400
11110069	11110001	69	10069	3450
11110070	11110001	70	10070	3500
11110071	11110001	71	10071	3550
11110072	11110001	72	10072	3600
11110073	11110001	73	10073	3650
11110074	11110001	74	10074	3700
11110075	11110001	75	10075	3750
11110076	11110001	76	10076	3800
11110077	11110001	77	10077	3850
11110078	11110001	78	10078	3900
11110079	11110001	79	10079	3950
11110080	11110001	80	10080	4000
11110081	11110001	81	10081	4050
11110082	11110001	82	10082	4100
11110083	11110001	83	10083	4150
11110084	11110001	84	10084	4200
11110085	11110001	85	10085	4250
11110086	11110001	86	10086	4300
11110087	11110001	87	10087	4350
11110088	11110001	88	10088	4400
11110089	11110001	89	10089	4450
11110090	11110001	90	10090	4500
11110091	11110001	91	10091	4550
11110092	11110001	92	10092	4600
11110093	11110001	93	10093	4650
11110094	11110001	94	10094	4700
11110095	11110001	95	10095	4750
11110096	11110001	96	10096	4800
11110097	11110001	97	10097	4850
11110098	11110001	98	10098	4900
11110099	11110001	99	10099	4950
11110100	11110001	100	10100	5000
11210001	11210001	1	10001	50
11210002	11210001	2	10002	100
11210003	11210001	3	10003	150
11210004	11210001	4	10004	200
11210005	11210001	5	10005	250
11210006	11210001	6	10006	300
11210007	11210001	7	10007	350
11210008	11210001	8	10008	400
11210009	11210001	9	10009	450
11210010	11210001	10	10010	500
11210011	11210001	11	10011	550
11210012	11210001	12	10012	600
11210013	11210001	13	10013	650
11210014	11210001	14	10014	700
11210015	11210001	15	10015	750
11210016	11210001	16	10016	800
11210017	11210001	17	10017	850
11210018	11210001	18	10018	900
11210019	11210001	19	10019	950
11210020	11210001	20	10020	1000
11210021	11210001	21	10021	1050
11210022	11210001	22	10022	1100
11210023	11210001	23	10023	1150
11210024	11210001	24	10024	1200
11210025	11210001	25	10025	1250
11210026	11210001	26	10026	1300
11210027	11210001	27	10027	1350
11210028	11210001	28	10028	1400
11210029	11210001	29	10029	1450
11210030	11210001	30	10030	1500
11210031	11210001	31	10031	1550
11210032	11210001	32	10032	1600
11210033	11210001	33	10033	1650
11210034	11210001	34	10034	1700
11210035	11210001	35	10035	1750
11210036	11210001	36	10036	1800
11210037	11210001	37	10037	1850
11210038	11210001	38	10038	1900
11210039	11210001	39	10039	1950
11210040	11210001	40	10040	2000
11210041	11210001	41	10041	2050
11210042	11210001	42	10042	2100
11210043	11210001	43	10043	2150
11210044	11210001	44	10044	2200
11210045	11210001	45	10045	2250
11210046	11210001	46	10046	2300
11210047	11210001	47	10047	2350
11210048	11210001	48	10048	2400
11210049	11210001	49	10049	2450
11210050	11210001	50	10050	2500
11210051	11210001	51	10051	2550
11210052	11210001	52	10052	2600
11210053	11210001	53	10053	2650
11210054	11210001	54	10054	2700
11210055	11210001	55	10055	2750
11210056	11210001	56	10056	2800
11210057	11210001	57	10057	2850
11210058	11210001	58	10058	2900
11210059	11210001	59	10059	2950
11210060	11210001	60	10060	3000
11210061	11210001	61	10061	3050
11210062	11210001	62	10062	3100
11210063	11210001	63	10063	3150
11210064	11210001	64	10064	3200
11210065	11210001	65	10065	3250
11210066	11210001	66	10066	3300
11210067	11210001	67	10067	3350
11210068	11210001	68	10068	3400
11210069	11210001	69	10069	3450
11210070	11210001	70	10070	3500
11210071	11210001	71	10071	3550
11210072	11210001	72	10072	3600
11210073	11210001	73	10073	3650
11210074	11210001	74	10074	3700
11210075	11210001	75	10075	3750
11210076	11210001	76	10076	3800
11210077	11210001	77	10077	3850
11210078	11210001	78	10078	3900
11210079	11210001	79	10079	3950
11210080	11210001	80	10080	4000
11210081	11210001	81	10081	4050
11210082	11210001	82	10082	4100
11210083	11210001	83	10083	4150
11210084	11210001	84	10084	4200
11210085	11210001	85	10085	4250
11210086	11210001	86	10086	4300
11210087	11210001	87	10087	4350
11210088	11210001	88	10088	4400
11210089	11210001	89	10089	4450
11210090	11210001	90	10090	4500
11210091	11210001	91	10091	4550
11210092	11210001	92	10092	4600
11210093	11210001	93	10093	4650
11210094	11210001	94	10094	4700
11210095	11210001	95	10095	4750
11210096	11210001	96	10096	4800
11210097	11210001	97	10097	4850
11210098	11210001	98	10098	4900
11210099	11210001	99	10099	4950
11210100	11210001	100	10100	5000
11310001	11310001	1	10001	50
11310002	11310001	2	10002	100
11310003	11310001	3	10003	150
11310004	11310001	4	10004	200
11310005	11310001	5	10005	250
11310006	11310001	6	10006	300
11310007	11310001	7	10007	350
11310008	11310001	8	10008	400
11310009	11310001	9	10009	450
11310010	11310001	10	10010	500
11310011	11310001	11	10011	550
11310012	11310001	12	10012	600
11310013	11310001	13	10013	650
11310014	11310001	14	10014	700
11310015	11310001	15	10015	750
11310016	11310001	16	10016	800
11310017	11310001	17	10017	850
11310018	11310001	18	10018	900
11310019	11310001	19	10019	950
11310020	11310001	20	10020	1000
11310021	11310001	21	10021	1050
11310022	11310001	22	10022	1100
11310023	11310001	23	10023	1150
11310024	11310001	24	10024	1200
11310025	11310001	25	10025	1250
11310026	11310001	26	10026	1300
11310027	11310001	27	10027	1350
11310028	11310001	28	10028	1400
11310029	11310001	29	10029	1450
11310030	11310001	30	10030	1500
11310031	11310001	31	10031	1550
11310032	11310001	32	10032	1600
11310033	11310001	33	10033	1650
11310034	11310001	34	10034	1700
11310035	11310001	35	10035	1750
11310036	11310001	36	10036	1800
11310037	11310001	37	10037	1850
11310038	11310001	38	10038	1900
11310039	11310001	39	10039	1950
11310040	11310001	40	10040	2000
11310041	11310001	41	10041	2050
11310042	11310001	42	10042	2100
11310043	11310001	43	10043	2150
11310044	11310001	44	10044	2200
11310045	11310001	45	10045	2250
11310046	11310001	46	10046	2300
11310047	11310001	47	10047	2350
11310048	11310001	48	10048	2400
11310049	11310001	49	10049	2450
11310050	11310001	50	10050	2500
11310051	11310001	51	10051	2550
11310052	11310001	52	10052	2600
11310053	11310001	53	10053	2650
11310054	11310001	54	10054	2700
11310055	11310001	55	10055	2750
11310056	11310001	56	10056	2800
11310057	11310001	57	10057	2850
11310058	11310001	58	10058	2900
11310059	11310001	59	10059	2950
11310060	11310001	60	10060	3000
11310061	11310001	61	10061	3050
11310062	11310001	62	10062	3100
11310063	11310001	63	10063	3150
11310064	11310001	64	10064	3200
11310065	11310001	65	10065	3250
11310066	11310001	66	10066	3300
11310067	11310001	67	10067	3350
11310068	11310001	68	10068	3400
11310069	11310001	69	10069	3450
11310070	11310001	70	10070	3500
11310071	11310001	71	10071	3550
11310072	11310001	72	10072	3600
11310073	11310001	73	10073	3650
11310074	11310001	74	10074	3700
11310075	11310001	75	10075	3750
11310076	11310001	76	10076	3800
11310077	11310001	77	10077	3850
11310078	11310001	78	10078	3900
11310079	11310001	79	10079	3950
11310080	11310001	80	10080	4000
11310081	11310001	81	10081	4050
11310082	11310001	82	10082	4100
11310083	11310001	83	10083	4150
11310084	11310001	84	10084	4200
11310085	11310001	85	10085	4250
11310086	11310001	86	10086	4300
11310087	11310001	87	10087	4350
11310088	11310001	88	10088	4400
11310089	11310001	89	10089	4450
11310090	11310001	90	10090	4500
11310091	11310001	91	10091	4550
11310092	11310001	92	10092	4600
11310093	11310001	93	10093	4650
11310094	11310001	94	10094	4700
11310095	11310001	95	10095	4750
11310096	11310001	96	10096	4800
11310097	11310001	97	10097	4850
11310098	11310001	98	10098	4900
11310099	11310001	99	10099	4950
11310100	11310001	100	10100	5000
11410001	11410001	1	10001	50
11410002	11410001	2	10002	100
11410003	11410001	3	10003	150
11410004	11410001	4	10004	200
11410005	11410001	5	10005	250
11410006	11410001	6	10006	300
11410007	11410001	7	10007	350
11410008	11410001	8	10008	400
11410009	11410001	9	10009	450
11410010	11410001	10	10010	500
11410011	11410001	11	10011	550
11410012	11410001	12	10012	600
11410013	11410001	13	10013	650
11410014	11410001	14	10014	700
11410015	11410001	15	10015	750
11410016	11410001	16	10016	800
11410017	11410001	17	10017	850
11410018	11410001	18	10018	900
11410019	11410001	19	10019	950
11410020	11410001	20	10020	1000
11410021	11410001	21	10021	1050
11410022	11410001	22	10022	1100
11410023	11410001	23	10023	1150
11410024	11410001	24	10024	1200
11410025	11410001	25	10025	1250
11410026	11410001	26	10026	1300
11410027	11410001	27	10027	1350
11410028	11410001	28	10028	1400
11410029	11410001	29	10029	1450
11410030	11410001	30	10030	1500
11410031	11410001	31	10031	1550
11410032	11410001	32	10032	1600
11410033	11410001	33	10033	1650
11410034	11410001	34	10034	1700
11410035	11410001	35	10035	1750
11410036	11410001	36	10036	1800
11410037	11410001	37	10037	1850
11410038	11410001	38	10038	1900
11410039	11410001	39	10039	1950
11410040	11410001	40	10040	2000
11410041	11410001	41	10041	2050
11410042	11410001	42	10042	2100
11410043	11410001	43	10043	2150
11410044	11410001	44	10044	2200
11410045	11410001	45	10045	2250
11410046	11410001	46	10046	2300
11410047	11410001	47	10047	2350
11410048	11410001	48	10048	2400
11410049	11410001	49	10049	2450
11410050	11410001	50	10050	2500
11410051	11410001	51	10051	2550
11410052	11410001	52	10052	2600
11410053	11410001	53	10053	2650
11410054	11410001	54	10054	2700
11410055	11410001	55	10055	2750
11410056	11410001	56	10056	2800
11410057	11410001	57	10057	2850
11410058	11410001	58	10058	2900
11410059	11410001	59	10059	2950
11410060	11410001	60	10060	3000
11410061	11410001	61	10061	3050
11410062	11410001	62	10062	3100
11410063	11410001	63	10063	3150
11410064	11410001	64	10064	3200
11410065	11410001	65	10065	3250
11410066	11410001	66	10066	3300
11410067	11410001	67	10067	3350
11410068	11410001	68	10068	3400
11410069	11410001	69	10069	3450
11410070	11410001	70	10070	3500
11410071	11410001	71	10071	3550
11410072	11410001	72	10072	3600
11410073	11410001	73	10073	3650
11410074	11410001	74	10074	3700
11410075	11410001	75	10075	3750
11410076	11410001	76	10076	3800
11410077	11410001	77	10077	3850
11410078	11410001	78	10078	3900
11410079	11410001	79	10079	3950
11410080	11410001	80	10080	4000
11410081	11410001	81	10081	4050
11410082	11410001	82	10082	4100
11410083	11410001	83	10083	4150
11410084	11410001	84	10084	4200
11410085	11410001	85	10085	4250
11410086	11410001	86	10086	4300
11410087	11410001	87	10087	4350
11410088	11410001	88	10088	4400
11410089	11410001	89	10089	4450
11410090	11410001	90	10090	4500
11410091	11410001	91	10091	4550
11410092	11410001	92	10092	4600
11410093	11410001	93	10093	4650
11410094	11410001	94	10094	4700
11410095	11410001	95	10095	4750
11410096	11410001	96	10096	4800
11410097	11410001	97	10097	4850
11410098	11410001	98	10098	4900
11410099	11410001	99	10099	4950
11410100	11410001	100	10100	5000
11510001	11510001	1	10001	50
11510002	11510001	2	10002	100
11510003	11510001	3	10003	150
11510004	11510001	4	10004	200
11510005	11510001	5	10005	250
11510006	11510001	6	10006	300
11510007	11510001	7	10007	350
11510008	11510001	8	10008	400
11510009	11510001	9	10009	450
11510010	11510001	10	10010	500
11510011	11510001	11	10011	550
11510012	11510001	12	10012	600
11510013	11510001	13	10013	650
11510014	11510001	14	10014	700
11510015	11510001	15	10015	750
11510016	11510001	16	10016	800
11510017	11510001	17	10017	850
11510018	11510001	18	10018	900
11510019	11510001	19	10019	950
11510020	11510001	20	10020	1000
11510021	11510001	21	10021	1050
11510022	11510001	22	10022	1100
11510023	11510001	23	10023	1150
11510024	11510001	24	10024	1200
11510025	11510001	25	10025	1250
11510026	11510001	26	10026	1300
11510027	11510001	27	10027	1350
11510028	11510001	28	10028	1400
11510029	11510001	29	10029	1450
11510030	11510001	30	10030	1500
11510031	11510001	31	10031	1550
11510032	11510001	32	10032	1600
11510033	11510001	33	10033	1650
11510034	11510001	34	10034	1700
11510035	11510001	35	10035	1750
11510036	11510001	36	10036	1800
11510037	11510001	37	10037	1850
11510038	11510001	38	10038	1900
11510039	11510001	39	10039	1950
11510040	11510001	40	10040	2000
11510041	11510001	41	10041	2050
11510042	11510001	42	10042	2100
11510043	11510001	43	10043	2150
11510044	11510001	44	10044	2200
11510045	11510001	45	10045	2250
11510046	11510001	46	10046	2300
11510047	11510001	47	10047	2350
11510048	11510001	48	10048	2400
11510049	11510001	49	10049	2450
11510050	11510001	50	10050	2500
11510051	11510001	51	10051	2550
11510052	11510001	52	10052	2600
11510053	11510001	53	10053	2650
11510054	11510001	54	10054	2700
11510055	11510001	55	10055	2750
11510056	11510001	56	10056	2800
11510057	11510001	57	10057	2850
11510058	11510001	58	10058	2900
11510059	11510001	59	10059	2950
11510060	11510001	60	10060	3000
11510061	11510001	61	10061	3050
11510062	11510001	62	10062	3100
11510063	11510001	63	10063	3150
11510064	11510001	64	10064	3200
11510065	11510001	65	10065	3250
11510066	11510001	66	10066	3300
11510067	11510001	67	10067	3350
11510068	11510001	68	10068	3400
11510069	11510001	69	10069	3450
11510070	11510001	70	10070	3500
11510071	11510001	71	10071	3550
11510072	11510001	72	10072	3600
11510073	11510001	73	10073	3650
11510074	11510001	74	10074	3700
11510075	11510001	75	10075	3750
11510076	11510001	76	10076	3800
11510077	11510001	77	10077	3850
11510078	11510001	78	10078	3900
11510079	11510001	79	10079	3950
11510080	11510001	80	10080	4000
11510081	11510001	81	10081	4050
11510082	11510001	82	10082	4100
11510083	11510001	83	10083	4150
11510084	11510001	84	10084	4200
11510085	11510001	85	10085	4250
11510086	11510001	86	10086	4300
11510087	11510001	87	10087	4350
11510088	11510001	88	10088	4400
11510089	11510001	89	10089	4450
11510090	11510001	90	10090	4500
11510091	11510001	91	10091	4550
11510092	11510001	92	10092	4600
11510093	11510001	93	10093	4650
11510094	11510001	94	10094	4700
11510095	11510001	95	10095	4750
11510096	11510001	96	10096	4800
11510097	11510001	97	10097	4850
11510098	11510001	98	10098	4900
11510099	11510001	99	10099	4950
11510100	11510001	100	10100	5000
11610001	11610001	1	10001	50
11610002	11610001	2	10002	100
11610003	11610001	3	10003	150
11610004	11610001	4	10004	200
11610005	11610001	5	10005	250
11610006	11610001	6	10006	300
11610007	11610001	7	10007	350
11610008	11610001	8	10008	400
11610009	11610001	9	10009	450
11610010	11610001	10	10010	500
11610011	11610001	11	10011	550
11610012	11610001	12	10012	600
11610013	11610001	13	10013	650
11610014	11610001	14	10014	700
11610015	11610001	15	10015	750
11610016	11610001	16	10016	800
11610017	11610001	17	10017	850
11610018	11610001	18	10018	900
11610019	11610001	19	10019	950
11610020	11610001	20	10020	1000
11610021	11610001	21	10021	1050
11610022	11610001	22	10022	1100
11610023	11610001	23	10023	1150
11610024	11610001	24	10024	1200
11610025	11610001	25	10025	1250
11610026	11610001	26	10026	1300
11610027	11610001	27	10027	1350
11610028	11610001	28	10028	1400
11610029	11610001	29	10029	1450
11610030	11610001	30	10030	1500
11610031	11610001	31	10031	1550
11610032	11610001	32	10032	1600
11610033	11610001	33	10033	1650
11610034	11610001	34	10034	1700
11610035	11610001	35	10035	1750
11610036	11610001	36	10036	1800
11610037	11610001	37	10037	1850
11610038	11610001	38	10038	1900
11610039	11610001	39	10039	1950
11610040	11610001	40	10040	2000
11610041	11610001	41	10041	2050
11610042	11610001	42	10042	2100
11610043	11610001	43	10043	2150
11610044	11610001	44	10044	2200
11610045	11610001	45	10045	2250
11610046	11610001	46	10046	2300
11610047	11610001	47	10047	2350
11610048	11610001	48	10048	2400
11610049	11610001	49	10049	2450
11610050	11610001	50	10050	2500
11610051	11610001	51	10051	2550
11610052	11610001	52	10052	2600
11610053	11610001	53	10053	2650
11610054	11610001	54	10054	2700
11610055	11610001	55	10055	2750
11610056	11610001	56	10056	2800
11610057	11610001	57	10057	2850
11610058	11610001	58	10058	2900
11610059	11610001	59	10059	2950
11610060	11610001	60	10060	3000
11610061	11610001	61	10061	3050
11610062	11610001	62	10062	3100
11610063	11610001	63	10063	3150
11610064	11610001	64	10064	3200
11610065	11610001	65	10065	3250
11610066	11610001	66	10066	3300
11610067	11610001	67	10067	3350
11610068	11610001	68	10068	3400
11610069	11610001	69	10069	3450
11610070	11610001	70	10070	3500
11610071	11610001	71	10071	3550
11610072	11610001	72	10072	3600
11610073	11610001	73	10073	3650
11610074	11610001	74	10074	3700
11610075	11610001	75	10075	3750
11610076	11610001	76	10076	3800
11610077	11610001	77	10077	3850
11610078	11610001	78	10078	3900
11610079	11610001	79	10079	3950
11610080	11610001	80	10080	4000
11610081	11610001	81	10081	4050
11610082	11610001	82	10082	4100
11610083	11610001	83	10083	4150
11610084	11610001	84	10084	4200
11610085	11610001	85	10085	4250
11610086	11610001	86	10086	4300
11610087	11610001	87	10087	4350
11610088	11610001	88	10088	4400
11610089	11610001	89	10089	4450
11610090	11610001	90	10090	4500
11610091	11610001	91	10091	4550
11610092	11610001	92	10092	4600
11610093	11610001	93	10093	4650
11610094	11610001	94	10094	4700
11610095	11610001	95	10095	4750
11610096	11610001	96	10096	4800
11610097	11610001	97	10097	4850
11610098	11610001	98	10098	4900
11610099	11610001	99	10099	4950
11610100	11610001	100	10100	5000