序列	奖励
id	prize
1	271001
2	271002
3	271003
4	271004
5	271004
6	271004
7	271004
8	271004
9	271004
10	271004
11	271005
12	271005
13	271005
14	271005
15	271005
16	271005
17	271005
18	271005
19	271005
20	271005
21	271006
22	271006
23	271006
24	271006
25	271006
26	271006
27	271006
28	271006
29	271006
30	271006
31	271006
32	271006
33	271006
34	271006
35	271006
36	271006
37	271006
38	271006
39	271006
40	271006
41	271006
42	271006
43	271006
44	271006
45	271006
46	271006
47	271006
48	271006
49	271006
50	271006
51	271007
52	271007
53	271007
54	271007
55	271007
56	271007
57	271007
58	271007
59	271007
60	271007
61	271007
62	271007
63	271007
64	271007
65	271007
66	271007
67	271007
68	271007
69	271007
70	271007
71	271007
72	271007
73	271007
74	271007
75	271007
76	271007
77	271007
78	271007
79	271007
80	271007
81	271007
82	271007
83	271007
84	271007
85	271007
86	271007
87	271007
88	271007
89	271007
90	271007
91	271007
92	271007
93	271007
94	271007
95	271007
96	271007
97	271007
98	271007
99	271007
100	271007
101	271008
102	271008
103	271008
104	271008
105	271008
106	271008
107	271008
108	271008
109	271008
110	271008
111	271008
112	271008
113	271008
114	271008
115	271008
116	271008
117	271008
118	271008
119	271008
120	271008
121	271008
122	271008
123	271008
124	271008
125	271008
126	271008
127	271008
128	271008
129	271008
130	271008
131	271008
132	271008
133	271008
134	271008
135	271008
136	271008
137	271008
138	271008
139	271008
140	271008
141	271008
142	271008
143	271008
144	271008
145	271008
146	271008
147	271008
148	271008
149	271008
150	271008
151	271008
152	271008
153	271008
154	271008
155	271008
156	271008
157	271008
158	271008
159	271008
160	271008
161	271008
162	271008
163	271008
164	271008
165	271008
166	271008
167	271008
168	271008
169	271008
170	271008
171	271008
172	271008
173	271008
174	271008
175	271008
176	271008
177	271008
178	271008
179	271008
180	271008
181	271008
182	271008
183	271008
184	271008
185	271008
186	271008
187	271008
188	271008
189	271008
190	271008
191	271008
192	271008
193	271008
194	271008
195	271008
196	271008
197	271008
198	271008
199	271008
200	271008
201	271009
